"7":0.234375,3.02083333333,0.703125,2.55208333333,0.260416666667,1.22395833333,2.13541666667,0.3125,3.125,0.729166666667,0.364583333333,5.41666666667
"Maj":0.15625,8.77604166667,0.885416666667,5.75520833333,0.234375,1.35416666667,3.93229166667,0.208333333333,7.39583333333,0.677083333333,6.66666666667,0.651041666667
"m7":0.104166666667,7.94270833333,0.546875,0.078125,9.765625,0.9375,6.61458333333,0.104166666667,7.39583333333,1.11979166667,0.182291666667,1.82291666667
"Maj7":0.15625,8.77604166667,0.885416666667,5.75520833333,0.234375,1.35416666667,3.93229166667,0.208333333333,7.39583333333,0.677083333333,6.66666666667,0.651041666667
"dim":0.208333333333,7.94270833333,0.572916666667,0.234375,8.22916666667,0.651041666667,0.234375,7.96875,0.651041666667,0.338541666667,8.41145833333,0.703125
"mb5":0.338541666667,1.015625,2.05729166667,0.390625,5.625,1.84895833333,0.442708333333,6.22395833333,1.22395833333,6.015625,0.416666666667,6.45833333333
"sus4":0.208333333333,5.65104166667,4.16666666667,0.911458333333,3.75,0.260416666667,5.98958333333,0.286458333333,1.015625,3.75,0.3125,7.78645833333
"Maj7b5":0.145902421563,5.23299114681,0.289026391002,6.73170382414,0.201691455473,3.92418975848,0.216739216957,0.224679009181,1.26346291765,0.333762469429,3.92418975848,0.278812666541
"mM7":0.135772714211,4.5315836376,0.59352292723,0.224679009181,8.81683066776,0.673170382414,8.05842187761,0.184342299241,0.69783058486,1.24093776075,6.37804383889,0.25945527214
"7alt":0.184342299241,0.224679009181,3.10590022362,0.216739216957,0.245824406892,3.05052789027,0.310590022362,0.93057204093,0.333762469429,3.33762469429,0.385422886862,3.45989166087