"Maj7":0.0294272717621,5.04806571667,0.105544960088,0.626433536657,0.0820469610902,0.305052789027,0.723394162737,0.0835362546958,0.56234132519,0.0835362546958,0.305052789027,0.124093776075
"m7":0.0305052789027,8.35362546958,0.333762469429,0.0805842187761,8.05842187761,0.406794432108,0.820469610902,0.0805842187761,1.15478198469,0.184342299241,0.0835362546958,0.187688429358
"7":0.0305052789027,2.89026391002,0.174657604766,0.749894209332,0.0763506080338,0.283873596476,0.820469610902,0.0723394162737,0.736525012271,0.532797894587,0.0749894209332,6.85389583865
"7alt":0.0310590022362,0.159633854429,1.0,0.145902421563,0.0661169026241,0.763506080338,0.159633854429,0.763506080338,0.140746466334,0.59352292723,0.0582941534714,1.05544960088
"dim":0.0310590022362,0.763506080338,0.13097472643,0.0710497411443,0.791475543941,0.143301257024,0.0749894209332,0.805842187761,0.148550801717,0.0723394162737,0.763506080338,0.151247254531
"mb5":0.0289026391002,0.25945527214,2.94272717621,0.0685389583865,3.05052789027,0.283873596476,0.0723394162737,2.5945527214,0.333762469429,2.73841963426,0.069783058486,0.333762469429,2.68959878558
"sus4":0.0294272717621,0.352269465147,0.685389583865,0.126346291765,1.45902421563,0.045315836376,0.486967525166,0.0723394162737,0.209080004128,0.947463525655,0.0572548788436,0.673170382414
"Maj7b5":0.0289026391002,5.32797894587,0.156787884383,8.05842187761,0.0805842187761,6.15265410149,0.1,0.086596432336,0.604296390238,0.187688429358,2.5945527214,0.250286543117
"mM7":0.0283873596476,7.77365030239,0.191095297497,0.0736525012271,8.05842187761,0.273841963426,6.04296390238,0.0777365030239,0.25945527214,1.21881418484,6.04296390238,0.0947463525655